Responden,X11,X12,X13,X14,X15,X21,X22,X23,X24,X31,X32,X33,X34,X35,X41,X42,X43,X44,X45
1,3,3,4,5,5,4,3,1,4,3,3,3,2,3,5,5,5,5,5
2,3,2,5,4,3,5,4,2,2,1,2,4,2,2,5,4,4,4,4
3,5,2,5,5,5,5,5,5,5,1,1,2,2,2,5,5,5,5,5
4,4,4,4,5,5,5,5,5,5,5,1,5,4,3,3,5,1,5,5
5,2,2,3,3,3,2,3,3,2,2,2,1,3,2,2,3,3,2,2
6,4,3,4,3,4,4,4,3,3,2,3,3,3,3,4,4,4,4,4
7,4,3,5,5,4,4,5,5,4,3,3,5,2,4,4,5,5,5,5
8,3,4,3,5,4,5,3,4,4,1,3,3,4,4,5,3,4,4,5
9,2,3,4,4,3,3,4,3,4,3,2,4,3,4,4,3,3,4,4
10,5,1,2,2,2,5,3,3,3,3,2,3,3,4,5,2,2,3,2
11,4,2,5,3,3,4,4,5,3,5,2,4,4,2,5,3,5,3,3
